           1   0.00000000    
           2   7.10392851E-05
           3   1.42215475E-04
           4   2.13092455E-04
           5   2.84373702E-04
           6   3.55080003E-04
           7   4.26439365E-04
           8   4.96993773E-04
           9   5.68421907E-04
          10   6.38881524E-04
          11   7.10401451E-04
          12   7.80873816E-04
          13   8.52557423E-04
          14   9.23215644E-04
          15   9.95204668E-04
          16   1.06630544E-03
          17   1.13883603E-03
          18   1.21074356E-03
          19   1.28417637E-03
          20   1.35739252E-03
          21   1.43224932E-03
          22   1.50745152E-03
          23   1.58445921E-03
          24   1.66254898E-03
          25   1.74269499E-03
          26   1.82485452E-03
          27   1.90945168E-03
          28   1.99721521E-03
          29   2.08797934E-03
          30   2.18331721E-03
          31   2.28245812E-03
          32   2.38787453E-03
          33   2.49820482E-03
          34   2.61685112E-03
          35   2.74190865E-03
          36   2.87771923E-03
          37   3.02190916E-03
          38   3.17975273E-03
          39   3.34851560E-03
          40   3.53437196E-03
          41   3.73437349E-03
          42   3.95554211E-03
          43   4.19489527E-03
          44   4.46023559E-03
          45   4.74876305E-03
          46   5.06898109E-03
          47   5.41852461E-03
          48   5.80651499E-03
          49   6.23130146E-03
          50   6.70255115E-03
          51   7.21963728E-03
          52   7.72052631E-03
          53   8.20037536E-03
          54   8.66400078E-03
          55   9.10720415E-03
          56   9.53460205E-03
          57   9.94256604E-03
          58   1.03354789E-02
          59   1.07102050E-02
          60   1.10708578E-02
          61   1.14147067E-02
          62   1.17455637E-02
          63   1.20610110E-02
          64   1.23645402E-02
          65   1.26539459E-02
          66   1.29323862E-02
          67   1.31977657E-02
          68   1.34529108E-02
          69   1.36957280E-02
          70   1.39287328E-02
          71   1.41497180E-02
          72   1.43609215E-02
          73   1.45599153E-02
          74   1.47487056E-02
          75   1.49245271E-02
          76   1.50892232E-02
          77   1.52395833E-02
          78   1.53773576E-02
          79   1.54987993E-02
          80   1.56056508E-02
          81   1.56935398E-02
          82   1.57643091E-02
          83   1.58128887E-02
          84   1.58413313E-02
          85   1.58438217E-02
          86   1.58227552E-02
          87   1.57715380E-02
          88   1.56930424E-02
          89   1.55799165E-02
          90   1.54356332E-02
          91   1.52521282E-02
          92   1.50336279E-02
          93   1.47714075E-02
          94   1.44706061E-02
          95   1.41219236E-02
          96   1.37315718E-02
          97   1.32897627E-02
          98   1.28039503E-02
          99   1.22639518E-02
         100   1.16786296E-02
         101   1.11542586E-02
         102   1.06954984E-02
         103   1.02861384E-02
         104   9.93233453E-03
         105   9.61822644E-03
         106   9.35102720E-03
         107   9.11542494E-03
         108   8.91930237E-03
         109   8.74808244E-03
         110   8.60999059E-03
         111   8.49132799E-03
         112   8.40041786E-03
         113   8.32452998E-03
         114   8.27191863E-03
         115   8.23085476E-03
         116   8.20944365E-03
         117   8.19691923E-03
         118   8.20124894E-03
         119   8.21252912E-03
         120   8.23867042E-03
         121   8.27048533E-03
         122   8.31597764E-03
         123   8.36647768E-03
         124   8.43029283E-03
         125   8.49905517E-03
         126   8.58161505E-03
         127   8.66967533E-03
         128   8.77290685E-03
         129   8.88285134E-03
         130   9.01027676E-03
         131   9.14637931E-03
         132   9.30326805E-03
         133   9.47166048E-03
         134   9.66522470E-03
         135   9.87412874E-03
         136   1.01137683E-02
         137   1.03737814E-02
         138   1.06713856E-02
         139   1.09958164E-02
         140   1.13661317E-02
         141   1.17714033E-02
         142   1.22324685E-02
         143   1.27385911E-02
         144   1.33122643E-02
         145   1.39434077E-02
         146   1.46559794E-02
         147   1.54411439E-02
         148   1.63240992E-02
         149   1.72979254E-02
         150   1.83888413E-02
         151   1.95925962E-02
         152   2.07403097E-02
         153   2.18183473E-02
         154   2.28411797E-02
         155   2.37971768E-02
         156   2.47001927E-02
         157   2.55403593E-02
         158   2.63308100E-02
         159   2.70631909E-02
         160   2.77498141E-02
         161   2.83835847E-02
         162   2.89758965E-02
         163   2.95206551E-02
         164   3.00282668E-02
         165   3.04933712E-02
         166   3.09253521E-02
         167   3.13193314E-02
         168   3.16836573E-02
         169   3.20136920E-02
         170   3.23167704E-02
         171   3.25882360E-02
         172   3.28345336E-02
         173   3.30506973E-02
         174   3.32423970E-02
         175   3.34041491E-02
         176   3.35409828E-02
         177   3.36466767E-02
         178   3.37258093E-02
         179   3.37712057E-02
         180   3.37872095E-02
         181   3.37655060E-02
         182   3.37104499E-02
         183   3.36124599E-02
         184   3.34761180E-02
         185   3.32904831E-02
         186   3.30606736E-02
         187   3.27743106E-02
         188   3.24373245E-02
         189   3.20359319E-02
         190   3.15771513E-02
         191   3.10458597E-02
         192   3.04504670E-02
         193   2.97746118E-02
         194   2.90284120E-02
         195   2.81944182E-02
         196   2.72847544E-02
         197   2.62810513E-02
         198   2.51977723E-02
         199   2.40157619E-02
         200   2.27521528E-02
         201   2.16146596E-02
         202   2.06110086E-02
         203   1.97093207E-02
         204   1.89203732E-02
         205   1.82131678E-02
         206   1.76006556E-02
         207   1.70530751E-02
         208   1.65847670E-02
         209   1.61675178E-02
         210   1.58164091E-02
         211   1.55050429E-02
         212   1.52487196E-02
         213   1.50230238E-02
         214   1.48431156E-02
         215   1.46866273E-02
         216   1.45683717E-02
         217   1.44679798E-02
         218   1.43998656E-02
         219   1.43454960E-02
         220   1.43189803E-02
         221   1.43033592E-02
         222   1.43126557E-02
         223   1.43311545E-02
         224   1.43731041E-02
         225   1.44236460E-02
         226   1.44976499E-02
         227   1.45807024E-02
         228   1.46887293E-02
         229   1.48073705E-02
         230   1.49540463E-02
         231   1.51141072E-02
         232   1.53068826E-02
         233   1.55171650E-02
         234   1.57665536E-02
         235   1.60391405E-02
         236   1.63590536E-02
         237   1.67096797E-02
         238   1.71178449E-02
         239   1.75663847E-02
         240   1.80848613E-02
         241   1.86558869E-02
         242   1.93116814E-02
         243   2.00351533E-02
         244   2.08609737E-02
         245   2.17730440E-02
         246   2.28081960E-02
         247   2.39521898E-02
         248   2.52436660E-02
         249   2.66712531E-02
         250   2.82750390E-02
         251   3.00476607E-02
         252   3.17298435E-02
         253   3.33005711E-02
         254   3.47824842E-02
         255   3.61577123E-02
         256   3.74479443E-02
         257   3.86380814E-02
         258   3.97486873E-02
         259   4.07670438E-02
         260   4.17124145E-02
         261   4.25740890E-02
         262   4.33698632E-02
         263   4.40906286E-02
         264   4.47526127E-02
         265   4.53479104E-02
         266   4.58911248E-02
         267   4.63751704E-02
         268   4.68129814E-02
         269   4.71979491E-02
         270   4.75414172E-02
         271   4.78368141E-02
         272   4.80940603E-02
         273   4.83062677E-02
         274   4.84820828E-02
         275   4.86139506E-02
         276   4.87095192E-02
         277   4.87602130E-02
         278   4.87729535E-02
         279   4.87378575E-02
         280   4.86614518E-02
         281   4.85322773E-02
         282   4.83567901E-02
         283   4.81217988E-02
         284   4.78340387E-02
         285   4.74784262E-02
         286   4.70623896E-02
         287   4.65688854E-02
         288   4.60064225E-02
         289   4.53560278E-02
         290   4.46276888E-02
         291   4.38005887E-02
         292   4.28866111E-02
         293   4.18632627E-02
         294   4.07447182E-02
         295   3.95070314E-02
         296   3.81671190E-02
         297   3.66997607E-02
         298   3.51250470E-02
         299   3.34167406E-02
         300   3.15985270E-02
         301   2.99592670E-02
         302   2.85089612E-02
         303   2.72032134E-02
         304   2.60563418E-02
         305   2.50252727E-02
         306   2.41273995E-02
         307   2.33214516E-02
         308   2.26267837E-02
         309   2.20043678E-02
         310   2.14745924E-02
         311   2.10010242E-02
         312   2.06043515E-02
         313   2.02509686E-02
         314   1.99613422E-02
         315   1.97047833E-02
         316   1.95012223E-02
         317   1.93228275E-02
         318   1.91888995E-02
         319   1.90742370E-02
         320   1.89976208E-02
         321   1.89361330E-02
         322   1.89082883E-02
         323   1.88930109E-02
         324   1.89089570E-02
         325   1.89363640E-02
         326   1.89945363E-02
         327   1.90644804E-02
         328   1.91667061E-02
         329   1.92824546E-02
         330   1.94340050E-02
         331   1.96023751E-02
         332   1.98121518E-02
         333   2.00437550E-02
         334   2.03245431E-02
         335   2.06341352E-02
         336   2.10030042E-02
         337   2.14099195E-02
         338   2.18887012E-02
         339   2.24174298E-02
         340   2.30333321E-02
         341   2.37141978E-02
         342   2.45005470E-02
         343   2.53705233E-02
         344   2.63676792E-02
         345   2.74713654E-02
         346   2.87277997E-02
         347   3.01186070E-02
         348   3.16922143E-02
         349   3.34337950E-02
         350   3.53934839E-02
         351   3.75614315E-02
         352   3.96134518E-02
         353   4.15230766E-02
         354   4.33190465E-02
         355   4.49788533E-02
         356   4.65300456E-02
         357   4.79536206E-02
         358   4.92757075E-02
         359   5.04803173E-02
         360   5.15919439E-02
         361   5.25971204E-02
         362   5.35185114E-02
         363   5.43446764E-02
         364   5.50962798E-02
         365   5.57634532E-02
         366   5.63647710E-02
         367   5.68914451E-02
         368   5.73599488E-02
         369   5.77621162E-02
         370   5.81123903E-02
         371   5.84027655E-02
         372   5.86458333E-02
         373   5.88332526E-02
         374   5.89760281E-02
         375   5.90650626E-02
         376   5.91100454E-02
         377   5.91007359E-02
         378   5.90458699E-02
         379   5.89336976E-02
         380   5.87723702E-02
         381   5.85483573E-02
         382   5.82696311E-02
         383   5.79206347E-02
         384   5.75096160E-02
         385   5.70188463E-02
         386   5.64572848E-02
         387   5.58049716E-02
         388   5.50720692E-02
         389   5.42363636E-02
         390   5.33097386E-02
         391   5.22678196E-02
         392   5.11246994E-02
         393   4.98540439E-02
         394   4.84726392E-02
         395   4.69524339E-02
         396   4.53134142E-02
         397   4.35260460E-02
         398   4.16140519E-02
         399   3.95466536E-02
         400   3.73518318E-02
         401   3.53712477E-02
         402   3.36162709E-02
         403   3.20342705E-02
         404   3.06417458E-02
         405   2.93877348E-02
         406   2.82923952E-02
         407   2.73069628E-02
         408   2.64539439E-02
         409   2.56872755E-02
         410   2.50307042E-02
         411   2.44412739E-02
         412   2.39431001E-02
         413   2.34966055E-02
         414   2.31256317E-02
         415   2.27940939E-02
         416   2.25251764E-02
         417   2.22862214E-02
         418   2.20996048E-02
         419   2.19358634E-02
         420   2.18166560E-02
         421   2.17153095E-02
         422   2.16530543E-02
         423   2.16054898E-02
         424   2.15938725E-02
         425   2.15954613E-02
         426   2.16321070E-02
         427   2.16821041E-02
         428   2.17685085E-02
         429   2.18700413E-02
         430   2.20116191E-02
         431   2.21718289E-02
         432   2.23780554E-02
         433   2.26083230E-02
         434   2.28930097E-02
         435   2.32093204E-02
         436   2.35910118E-02
         437   2.40144171E-02
         438   2.45169103E-02
         439   2.50741150E-02
         440   2.57271063E-02
         441   2.64512114E-02
         442   2.72910986E-02
         443   2.82224696E-02
         444   2.92933080E-02
         445   3.04806232E-02
         446   3.18353027E-02
         447   3.33368368E-02
         448   3.50384973E-02
         449   3.69236283E-02
         450   3.90473604E-02
         451   4.13984507E-02
         452   4.36194092E-02
         453   4.56810407E-02
         454   4.76152226E-02
         455   4.93971668E-02
         456   5.10574430E-02
         457   5.25751337E-02
         458   5.39792590E-02
         459   5.52522317E-02
         460   5.64212762E-02
         461   5.74715920E-02
         462   5.84283844E-02
         463   5.92790991E-02
         464   6.00467399E-02
         465   6.07204959E-02
         466   6.13210499E-02
         467   6.18388057E-02
         468   6.22921363E-02
         469   6.26721457E-02
         470   6.29949495E-02
         471   6.32518679E-02
         472   6.34569526E-02
         473   6.36012554E-02
         474   6.36970028E-02
         475   6.37345091E-02
         476   6.37244806E-02
         477   6.36561066E-02
         478   6.35389686E-02
         479   6.33607209E-02
         480   6.31302521E-02
         481   6.28333464E-02
         482   6.24786355E-02
         483   6.20498247E-02
         484   6.15557618E-02
         485   6.09778911E-02
         486   6.03257716E-02
         487   5.95785044E-02
         488   5.87468930E-02
         489   5.78076839E-02
         490   5.67734502E-02
         491   5.56187145E-02
         492   5.43583333E-02
         493   5.29647693E-02
         494   5.14557138E-02
         495   4.98018041E-02
         496   4.80241030E-02
         497   4.60917018E-02
         498   4.40295637E-02
         499   4.18054722E-02
         500   3.94488536E-02
         501   3.73208523E-02
         502   3.54329534E-02
         503   3.37295942E-02
         504   3.22277024E-02
         505   3.08735259E-02
         506   2.96879150E-02
         507   2.86194850E-02
         508   2.76915915E-02
         509   2.68557426E-02
         510   2.61366181E-02
         511   2.54890546E-02
         512   2.49381084E-02
         513   2.44422406E-02
         514   2.40261964E-02
         515   2.36521680E-02
         516   2.33441852E-02
         517   2.30680853E-02
         518   2.28470322E-02
         519   2.26502549E-02
         520   2.25001145E-02
         521   2.23688427E-02
         522   2.22782660E-02
         523   2.22030785E-02
         524   2.21650302E-02
         525   2.21406482E-02
         526   2.21521780E-02
         527   2.21773293E-02
         528   2.22394615E-02
         529   2.23168358E-02
         530   2.24345867E-02
         531   2.25709490E-02
         532   2.27534473E-02
         533   2.29598302E-02
         534   2.32205633E-02
         535   2.35126112E-02
         536   2.38697920E-02
         537   2.42682081E-02
         538   2.47452613E-02
         539   2.52763610E-02
         540   2.59025693E-02
         541   2.65989844E-02
         542   2.74102408E-02
         543   2.83117872E-02
         544   2.93515287E-02
         545   3.05062123E-02
         546   3.18265669E-02
         547   3.32918093E-02
         548   3.49549763E-02
         549   3.67991105E-02
         550   3.88790108E-02
         551   4.11830954E-02
         552   4.33555879E-02
         553   4.53674160E-02
         554   4.72504869E-02
         555   4.89801392E-02
         556   5.05869798E-02
         557   5.20502292E-02
         558   5.33989370E-02
         559   5.46156690E-02
         560   5.57276830E-02
         561   5.67203388E-02
         562   5.76188527E-02
         563   5.84108680E-02
         564   5.91193736E-02
         565   5.97337857E-02
         566   6.02747574E-02
         567   6.07329495E-02
         568   6.11266866E-02
         569   6.14473633E-02
         570   6.17110580E-02
         571   6.19094074E-02
         572   6.20564185E-02
         573   6.21434934E-02
         574   6.21828139E-02
         575   6.21651188E-02
         576   6.21010661E-02
         577   6.19803220E-02
         578   6.18124008E-02
         579   6.15855269E-02
         580   6.13084733E-02
         581   6.09677322E-02
         582   6.05717786E-02
         583   6.01051152E-02
         584   5.95763922E-02
         585   5.89679666E-02
         586   5.82891479E-02
         587   5.75200543E-02
         588   5.66711612E-02
         589   5.57203628E-02
         590   5.46798073E-02
         591   5.35252504E-02
         592   5.22710271E-02
         593   5.08909151E-02
         594   4.94019687E-02
         595   4.77762036E-02
         596   4.60338853E-02
         597   4.41455580E-02
         598   4.21351828E-02
         599   3.99720520E-02
         600   3.76843810E-02
         601   3.56171988E-02
         602   3.37812640E-02
         603   3.21231969E-02
         604   3.06590237E-02
         605   2.93371715E-02
         606   2.81774160E-02
         607   2.71305107E-02
         608   2.62186322E-02
         609   2.53953543E-02
         610   2.46841311E-02
         611   2.40417570E-02
         612   2.34920420E-02
         613   2.29952671E-02
         614   2.25749519E-02
         615   2.21949723E-02
         616   2.18781419E-02
         617   2.15918589E-02
         618   2.13580634E-02
         619   2.11474523E-02
         620   2.09811330E-02
         621   2.08327267E-02
         622   2.07227468E-02
         623   2.06272416E-02
         624   2.05665380E-02
         625   2.05185246E-02
         626   2.05038581E-02
         627   2.05016565E-02
         628   2.05334816E-02
         629   2.05790810E-02
         630   2.06615236E-02
         631   2.07606442E-02
         632   2.09015906E-02
         633   2.10638493E-02
         634   2.12751348E-02
         635   2.15143133E-02
         636   2.18120310E-02
         637   2.21464466E-02
         638   2.25513708E-02
         639   2.30043735E-02
         640   2.35424973E-02
         641   2.41430663E-02
         642   2.48462651E-02
         643   2.56297551E-02
         644   2.65366081E-02
         645   2.75456421E-02
         646   2.87024155E-02
         647   2.99879462E-02
         648   3.14498134E-02
         649   3.30724344E-02
         650   3.49049158E-02
         651   3.69364470E-02
         652   3.88478264E-02
         653   4.06129174E-02
         654   4.22605537E-02
         655   4.37685996E-02
         656   4.51647229E-02
         657   4.64302823E-02
         658   4.75915745E-02
         659   4.86329570E-02
         660   4.95791025E-02
         661   5.04169166E-02
         662   5.11692166E-02
         663   5.18249832E-02
         664   5.24050258E-02
         665   5.28999344E-02
         666   5.33283912E-02
         667   5.36821447E-02
         668   5.39777726E-02
         669   5.42077124E-02
         670   5.43865040E-02
         671   5.45068532E-02
         672   5.45814000E-02
         673   5.46027273E-02
         674   5.45817725E-02
         675   5.45106195E-02
         676   5.43988012E-02
         677   5.42375073E-02
         678   5.40352203E-02
         679   5.37819229E-02
         680   5.34854122E-02
         681   5.31341881E-02
         682   5.27357422E-02
         683   5.22769131E-02
         684   5.17652668E-02
         685   5.11858575E-02
         686   5.05467616E-02
         687   4.98311445E-02
         688   4.90480512E-02
         689   4.81787547E-02
         690   4.72337082E-02
         691   4.61923704E-02
         692   4.50670458E-02
         693   4.38355245E-02
         694   4.25123908E-02
         695   4.10739593E-02
         696   3.95375378E-02
         697   3.78781632E-02
         698   3.61162946E-02
         699   3.42259221E-02
         700   3.22310813E-02
         701   3.04271299E-02
         702   2.88227983E-02
         703   2.73723975E-02
         704   2.60891989E-02
         705   2.49291267E-02
         706   2.39086822E-02
         707   2.29858384E-02
         708   2.21791752E-02
         709   2.14491282E-02
         710   2.08153613E-02
         711   2.02411208E-02
         712   1.97463743E-02
         713   1.92973949E-02
         714   1.89138800E-02
         715   1.85652189E-02
         716   1.82704795E-02
         717   1.80021096E-02
         718   1.77783873E-02
         719   1.75746288E-02
         720   1.74083412E-02
         721   1.72573943E-02
         722   1.71387121E-02
         723   1.70323011E-02
         724   1.69548243E-02
         725   1.68879367E-02
         726   1.68484524E-02
         727   1.68191642E-02
         728   1.68175120E-02
         729   1.68269258E-02
         730   1.68659389E-02
         731   1.69181712E-02
         732   1.70037150E-02
         733   1.71060152E-02
         734   1.72471274E-02
         735   1.74100604E-02
         736   1.76191367E-02
         737   1.78568549E-02
         738   1.81499794E-02
         739   1.84805673E-02
         740   1.88779105E-02
         741   1.93238575E-02
         742   1.98501591E-02
         743   2.04389058E-02
         744   2.11240966E-02
         745   2.18887124E-02
         746   2.27686726E-02
         747   2.37486549E-02
         748   2.48661265E-02
         749   2.61084028E-02
         750   2.75140833E-02
         751   2.90742069E-02
         752   3.05373743E-02
         753   3.18829417E-02
         754   3.31338607E-02
         755   3.42726819E-02
         756   3.53214219E-02
         757   3.62654217E-02
         758   3.71256061E-02
         759   3.78897153E-02
         760   3.85773592E-02
         761   3.91783342E-02
         762   3.97107676E-02
         763   4.01661135E-02
         764   4.05608937E-02
         765   4.08878587E-02
         766   4.11618464E-02
         767   4.13765535E-02
         768   4.15451117E-02
         769   4.16618288E-02
         770   4.17381972E-02
         771   4.17687818E-02
         772   4.17635664E-02
         773   4.17170562E-02
         774   4.16378863E-02
         775   4.15202416E-02
         776   4.13715951E-02
         777   4.11855541E-02
         778   4.09686938E-02
         779   4.07137908E-02
         780   4.04268205E-02
         781   4.00995165E-02
         782   3.97375636E-02
         783   3.93314883E-02
         784   3.88870090E-02
         785   3.83933298E-02
         786   3.78565229E-02
         787   3.72644328E-02
         788   3.66237871E-02
         789   3.59210931E-02
         790   3.51640508E-02
         791   3.43378782E-02
         792   3.34516019E-02
         793   3.24892178E-02
         794   3.14614139E-02
         795   3.03511210E-02
         796   2.91709732E-02
         797   2.79029924E-02
         798   2.65620966E-02
         799   2.51295175E-02
         800   2.36227699E-02
         801   2.22586337E-02
         802   2.10429505E-02
         803   1.99421924E-02
         804   1.89655777E-02
         805   1.80808362E-02
         806   1.72995999E-02
         807   1.65911410E-02
         808   1.59686692E-02
         809   1.54032903E-02
         810   1.49090467E-02
         811   1.44591238E-02
         812   1.40678072E-02
         813   1.37105370E-02
         814   1.34013966E-02
         815   1.31181479E-02
         816   1.28743872E-02
         817   1.26501657E-02
         818   1.24584530E-02
         819   1.22814579E-02
         820   1.21315150E-02
         821   1.19927730E-02
         822   1.18770385E-02
         823   1.17701106E-02
         824   1.16834715E-02
         825   1.16042309E-02
         826   1.15438169E-02
         827   1.14902938E-02
         828   1.14553440E-02
         829   1.14276288E-02
         830   1.14194099E-02
         831   1.14196204E-02
         832   1.14414142E-02
         833   1.14737246E-02
         834   1.15308668E-02
         835   1.16015896E-02
         836   1.17015783E-02
         837   1.18193049E-02
         838   1.19719580E-02
         839   1.21477582E-02
         840   1.23654343E-02
         841   1.26131009E-02
         842   1.29109845E-02
         843   1.32473595E-02
         844   1.36438143E-02
         845   1.40891699E-02
         846   1.46061732E-02
         847   1.51846884E-02
         848   1.58483684E-02
         849   1.65887028E-02
         850   1.74299795E-02
         851   1.83659792E-02
         852   1.92377064E-02
         853   2.00320389E-02
         854   2.07637977E-02
         855   2.14219112E-02
         856   2.20206194E-02
         857   2.25506444E-02
         858   2.30255257E-02
         859   2.34375447E-02
         860   2.37994008E-02
         861   2.41046865E-02
         862   2.43651532E-02
         863   2.45754849E-02
         864   2.47463770E-02
         865   2.48733815E-02
         866   2.49660965E-02
         867   2.50207186E-02
         868   2.50457376E-02
         869   2.50377823E-02
         870   2.50042770E-02
         871   2.49420833E-02
         872   2.48576272E-02
         873   2.47478206E-02
         874   2.46181954E-02
         875   2.44655516E-02
         876   2.42946576E-02
         877   2.41020452E-02
         878   2.38918755E-02
         879   2.36602798E-02
         880   2.34109815E-02
         881   2.31395978E-02
         882   2.28496045E-02
         883   2.25360077E-02
         884   2.22022198E-02
         885   2.18425784E-02
         886   2.14606263E-02
         887   2.10499931E-02
         888   2.06145365E-02
         889   2.01471914E-02
         890   1.96522996E-02
         891   1.91221237E-02
         892   1.85616817E-02
         893   1.79626141E-02
         894   1.73307825E-02
         895   1.66572742E-02
         896   1.59489680E-02
         897   1.51964650E-02
         898   1.44078257E-02
         899   1.35732433E-02
         900   1.27021139E-02
         901   1.19112888E-02
         902   1.12032881E-02
         903   1.05598867E-02
         904   9.98549163E-03
         905   9.46265180E-03
         906   8.99712555E-03
         907   8.57238192E-03
         908   8.19505099E-03
         909   7.84967188E-03
         910   7.54333520E-03
         911   7.26176519E-03
         912   7.01218937E-03
         913   6.78159716E-03
         914   6.57709548E-03
         915   6.38698274E-03
         916   6.21806271E-03
         917   6.05993671E-03
         918   5.91899781E-03
         919   5.78609249E-03
         920   5.66716911E-03
         921   5.55421226E-03
         922   5.45275165E-03
         923   5.35577117E-03
         924   5.26845129E-03
         925   5.18461177E-03
         926   5.10918722E-03
         927   5.03666140E-03
         928   4.97184135E-03
         929   4.90970630E-03
         930   4.85506700E-03
         931   4.80323005E-03
         932   4.75914124E-03
         933   4.71829297E-03
         934   4.68587829E-03
         935   4.65746270E-03
         936   4.63858014E-03
         937   4.62479331E-03
         938   4.62203426E-03
         939   4.62583313E-03
         940   4.64254431E-03
         941   4.66768024E-03
         942   4.70800372E-03
         943   4.75906860E-03
         944   4.82799904E-03
         945   4.91049187E-03
         946   5.01395343E-03
         947   5.13436645E-03
         948   5.27931657E-03
         949   5.44524379E-03
         950   5.63979801E-03
         951   5.86007303E-03
         952   6.05506310E-03
         953   6.22044737E-03
         954   6.36145333E-03
         955   6.47450611E-03
         956   6.56462414E-03
         957   6.62889006E-03
         958   6.67206058E-03
         959   6.69179391E-03
         960   6.69252966E-03
         961   6.67242706E-03
         962   6.63555600E-03
         963   6.58051297E-03
         964   6.51095016E-03
         965   6.42584404E-03
         966   6.32840116E-03
         967   6.21792208E-03
         968   6.09715236E-03
         969   5.96567430E-03
         970   5.82576403E-03
         971   5.67725068E-03
         972   5.52194938E-03
         973   5.35990670E-03
         974   5.19249262E-03
         975   5.01994835E-03
         976   4.84322477E-03
         977   4.66273539E-03
         978   4.47904831E-03
         979   4.29272465E-03
         980   4.10399586E-03
         981   3.91354226E-03
         982   3.72130913E-03
         983   3.52807087E-03
         984   3.33353644E-03
         985   3.13854497E-03
         986   2.94262310E-03
         987   2.74664233E-03
         988   2.55000382E-03
         989   2.35357392E-03
         990   2.15668604E-03
         991   1.96016300E-03
         992   1.76332647E-03
         993   1.56691659E-03
         994   1.37029693E-03
         995   1.17408973E-03
         996   9.77747026E-04
         997   7.81742099E-04
         998   5.85656613E-04
         999   3.89791181E-04
        1000   1.93887958E-04
